NODES
0
10
14
4
9
MODULES
0	0
1	10
2	14
3	4
4	9
5	10
6	14
7	10
8	10
9	14
EXECUTION
0	0.000000	0.000000
1	33.488661	34.078639
2	12.061121	12.775859
3	48.999242	49.933693
4	70.622635	71.044245
5	34.527414	34.567767
6	12.775859	13.410636
7	34.567767	35.167820
8	35.167820	35.327015
9	78.727798	79.085507
TRANSFER
0	1	9.690000	33.488661
0	2	8.910000	12.061121
0	4	9.790000	28.814477
0	5	9.690000	34.527414
0	7	9.690000	34.087921
1	5	34.078639	34.078639
2	3	21.261121	48.999242
2	4	21.371121	32.128616
2	6	12.775859	12.775859
2	9	12.775859	12.775859
3	4	55.499242	70.622635
4	9	71.752635	78.727798
5	7	34.567767	34.567767
5	8	34.567767	34.567767
5	9	37.957414	46.120220
6	8	20.365859	29.043523
7	8	35.167820	35.167820
8	9	38.597820	41.915712
