NUMNODES 6
0    71.66
1    36.03
2   383.06
3    95.92
4    10.99
5   405.92
ADJACENCYMATRIX 6 35
0 999999.99     0.00
1    61.64     2.58
2    37.70     2.44
3    51.06     0.52
4    22.21     4.00
5    49.87     8.70
6    50.65     8.63
7 999999.99     0.00
8    68.56     2.23
9    46.94     4.23
10    33.42     3.54
11    69.10     3.90
12    29.34     9.35
13    37.69     3.79
14 999999.99     0.00
15    27.00     7.96
16    44.35     5.25
17    64.17     9.14
18    39.98     5.70
19     4.94     3.43
20     3.65     4.62
21 999999.99     0.00
22    20.73     7.20
23     8.34     4.98
24    15.80     8.84
25    33.89     7.60
26     1.13     8.28
27    13.10     0.07
28 999999.99     0.00
29    17.44     8.49
30    77.33     5.44
31    68.85     6.39
32    77.50     2.57
33     1.30     3.37
34     0.00     0.00
35 999999.99     0.00
